6 14
6 113
121 14
121 113
1 15
1 112
126 15
126 112
1 52
1 75
126 52
126 75
3 22
3 105
124 22
124 105
23 7
23 120
104 7
104 120
122 89
122 38
5 89
5 38
63 6
63 121
64 6
64 121
7 8
7 119
120 8
120 119
107 121
107 6
20 121
20 6
6 18
6 109
121 18
121 109
7 39
7 88
120 39
120 88
25 0
25 127
102 0
102 127
116 115
116 12
11 115
11 12
123 94
123 33
4 94
4 33
5 49
5 78
122 49
122 78
121 73
121 54
6 73
6 54
44 7
44 120
83 7
83 120
91 117
91 10
36 117
36 10
28 0
28 127
99 0
99 127
122 86
122 41
5 86
5 41
63 9
63 118
64 9
64 118
8 28
8 99
119 28
119 99
109 117
109 10
18 117
18 10
90 122
90 5
37 122
37 5
0 27
0 100
127 27
127 100
8 1
8 126
119 1
119 126
72 123
72 4
55 123
55 4
34 1
34 126
93 1
93 126
44 8
44 119
83 8
83 119
124 87
124 40
3 87
3 40
109 122
109 5
18 122
18 5
121 71
121 56
6 71
6 56
125 95
125 32
2 95
2 32
4 51
4 76
123 51
123 76
75 115
75 12
52 115
52 12
30 1
30 126
97 1
97 126
34 10
34 117
93 10
93 117
122 81
122 46
5 81
5 46
88 127
88 0
39 127
39 0
71 116
71 11
56 116
56 11
97 117
97 10
30 117
30 10
120 98
120 29
7 98
7 29
70 125
70 2
57 125
57 2
10 52
10 75
117 52
117 75
