28 1
28 78
51 1
51 78
79 66
79 13
0 66
0 13
5 9
5 70
74 9
74 70
0 35
0 44
79 35
79 44
78 73
78 6
1 73
1 6
77 76
77 3
2 76
2 3
12 2
12 77
67 2
67 77
60 78
60 1
19 78
19 1
60 79
60 0
19 79
19 0
9 13
9 66
70 13
70 66
3 1
3 78
76 1
76 78
6 18
6 61
73 18
73 61
78 47
78 32
1 47
1 32
47 75
47 4
32 75
32 4
4 22
4 57
75 22
75 57
33 6
33 73
46 6
46 73
70 71
70 8
9 71
9 8
71 78
71 1
8 78
8 1
32 3
32 76
47 3
47 76
3 18
3 61
76 18
76 61
79 64
79 15
0 64
0 15
70 59
70 20
9 59
9 20
36 10
36 69
43 10
43 69
9 21
9 58
70 21
70 58
9 2
9 77
70 2
70 77
4 38
4 41
75 38
75 41
56 79
56 0
23 79
23 0
43 75
43 4
36 75
36 4
57 73
57 6
22 73
22 6
20 3
20 76
59 3
59 76
